
$orca_opt_file

$trust
    0.300000000000

$epredict
    0.000000000000

$ediffsc
  1000.000000000000

$ctyp
  4

$coordinates
 5 9
   0.61043823  -0.37386342   0.33557757  -0.87076691   0.62502692   0.51194571
   1.84478845   0.54437341  -0.58965125
   0.61389661  -0.40087532   0.34613712  -0.88207872   0.63881051   0.51055633
   1.85264188   0.55760172  -0.59882143
   0.61631690  -0.41973240   0.35350627  -0.87040176   0.64785371   0.50164510
   1.83854464   0.56741560  -0.59727935
   0.61748577  -0.42877416   0.35703619  -0.86028308   0.65205867   0.49553742
   1.82725709   0.57225240  -0.59470159
   0.61748088  -0.42872304   0.35701551  -0.85922269   0.65200235   0.49511830
   1.82620158   0.57225760  -0.59426178

# redundant internal coordinates
#  nbonds nangles ndihedrals nimpropers ncartesians
# bond  definitions A B
# angle definitions A B C
# dihedral definitions A B C D
# improper torsion definitions A B C D
# cartesian definitions A x/y/z
$redundant_internals
 2 1 0 0 0
   1   0   0
   2   0   0
   1   0   2   0   0
$energies
 5
 -76.3756849054299636
 -76.3766433261149302
 -76.3768507101878384
 -76.3768894273842847
 -76.3768903691051406

$gradients
 5 9
  -0.0035940353849216   0.0286690143093331  -0.0110470495364176   0.0125462929795609
  -0.0146356580177300   0.0012198370497538  -0.0089522575946582  -0.0140333562915498
   0.0098272124866970
  -0.0009449249127460   0.0078693018881413  -0.0029348818486991  -0.0011004988806936
  -0.0038760588130342   0.0021636038945209   0.0020454237932955  -0.0039932430751814
   0.0007712779541328
  -0.0000894245426028   0.0011539514335914  -0.0003007086981146  -0.0019256974072823
  -0.0005091489868577   0.0010065007005250   0.0020151219499853  -0.0006448024469387
  -0.0007057920022354
   0.0001284446494642  -0.0004891225069195   0.0003472707719094  -0.0005326041503827
   0.0002699474089597   0.0000704054269957   0.0004041595010568   0.0002191750978178
  -0.0004176761988210
   0.0000754486843289  -0.0000607351828250   0.0001802557458102  -0.0000933620755919
   0.0000442408476773  -0.0000139799723101   0.0000179133915185   0.0000164943350411
  -0.0001662757734115

$redundant_coords
 5 3
   1.7952315416521047   1.7952235718268503   1.9106359384767717
   1.8291862942885837   1.8292388450949935   1.8780531043834303
   1.8363054152641425   1.8363809844014380   1.8422216846884649
   1.8360781464538569   1.8361387832245999   1.8218879625415285
   1.8351275665935289   1.8351829541868465   1.8211963503455157

$redundant_gradients
 5 3
  -0.0183701517767228  -0.0184031788453593   0.0106655968374061
  -0.0011039335745656  -0.0011103112772154   0.0080954750215825
   0.0013481003921628   0.0013561821300294   0.0032544788607145
   0.0005961760059405   0.0005989842614484   0.0001621284283873
   0.0001033766131054   0.0001037376341394  -0.0000037812262841

$hessian_approx
 9 9
                  0          1          2          3          4          5    
      0       0.623176  -0.065198  -0.232052  -0.360306   0.251061   0.039307
      1      -0.065198   0.364205  -0.134510   0.193959  -0.193379   0.004742
      2      -0.232052  -0.134510   0.156962   0.065195  -0.019252  -0.018757
      3      -0.360306   0.193959   0.065195   0.367338  -0.220916  -0.055955
      4       0.251061  -0.193379  -0.019252  -0.220916   0.179367   0.012796
      5       0.039307   0.004742  -0.018757  -0.055955   0.012796   0.017877
      6      -0.262869  -0.128761   0.166859  -0.007031  -0.030145   0.016649
      7      -0.185861  -0.170827   0.153762   0.026957   0.014012  -0.017537
      8       0.192744   0.129767  -0.138204  -0.009238   0.006456   0.000882
                   6          7          8    
      0      -0.262869  -0.185861   0.192744
      1      -0.128761  -0.170827   0.129767
      2       0.166859   0.153762  -0.138204
      3      -0.007031   0.026957  -0.009238
      4      -0.030145   0.014012   0.006456
      5       0.016649  -0.017537   0.000882
      6       0.269900   0.158905  -0.183506
      7       0.158905   0.156814  -0.136224
      8      -0.183506  -0.136224   0.137324

$bmatrix
 3 9
                  0          1          2          3          4          5    
      0       0.804687  -0.588910  -0.075255  -0.804687   0.588910   0.075255
      1      -0.658638  -0.545439   0.518356   0.000000   0.000000   0.000000
      2      -0.102492   0.796115  -0.310983  -0.258307  -0.388868   0.281067
                   6          7          8    
      0       0.000000   0.000000   0.000000
      1       0.658638   0.545439  -0.518356
      2       0.360799  -0.407247   0.029916

