
$orca_opt_file

$trust
    0.300000000000

$epredict
    0.000000000000

$ediffsc
  1000.000000000000

$ctyp
  4

$coordinates
 7 9
  -2.08414116   1.66441409  -0.00000000  -4.42594648   1.60503889   0.24936826
   0.10346251   1.64532785  -0.28574549
  -2.12126673   1.66041268   0.00177060  -4.35084287   1.60782495   0.24200130
   0.06548447   1.64654320  -0.28014913
  -2.13658334   1.65605350   0.00057288  -4.32783107   1.61024953   0.24085957
   0.05778928   1.64847779  -0.27780967
  -2.13415931   1.65427539  -0.00099283  -4.33395657   1.61108014   0.24221107
   0.06149075   1.64942530  -0.27759546
  -2.13442393   1.65151868  -0.00291874  -4.33447914   1.61245318   0.24324991
   0.06227795   1.65080897  -0.27670840
  -2.13555292   1.64025784  -0.01077281  -4.33451974   1.61807986   0.24724342
   0.06344753   1.65644312  -0.27284784
  -2.13561478   1.63845910  -0.01203348  -4.33395216   1.61898387   0.24781012
   0.06294181   1.65733786  -0.27215386

# redundant internal coordinates
#  nbonds nangles ndihedrals nimpropers ncartesians
# bond  definitions A B
# angle definitions A B C
# dihedral definitions A B C D
# improper torsion definitions A B C D
# cartesian definitions A x/y/z
$redundant_internals
 2 2 0 0 0
   1   0   0
   2   0   0
   1   0   2  -8   0
   1   0   2  -4   0
$energies
 7
 -188.4707963138137359
 -188.4787777182217781
 -188.4792095158255165
 -188.4792640845734581
 -188.4792827295557061
 -188.4793216344079099
 -188.4793232230023534

$gradients
 7 9
   0.1061090192226786   0.0072253433523214  -0.0080894120394120  -0.1076252914099489
  -0.0048907942110067   0.0099345182531667   0.0015162721865726  -0.0023345491409106
  -0.0018451062137502
   0.0338618765050393   0.0050199200050219  -0.0006645466130122  -0.0269575339989717
  -0.0028290055755488   0.0013583285415315  -0.0069043425056616  -0.0021909144291538
  -0.0006937819283725
  -0.0063592517200315   0.0035281373935566   0.0032804537402981   0.0087233258535528
  -0.0016799413073433  -0.0022662551973017  -0.0023640741305773  -0.0018481960849404
  -0.0010141985431733
   0.0008032281344456   0.0033026808518811   0.0022289615340425  -0.0000909565992558
  -0.0016529528861039  -0.0011500954374509  -0.0007122715339593  -0.0016497279658039
  -0.0010788660967496
   0.0005920914563131   0.0027411668091714   0.0018566537729743  -0.0006362558925367
  -0.0013766454114678  -0.0008861491563469   0.0000441644368929  -0.0013645213981348
  -0.0009705046165084
  -0.0003892778172685   0.0004082087926196   0.0003241690968287  -0.0006963744264779
  -0.0002130322693801  -0.0000534991892507   0.0010856522446977  -0.0001951765222726
  -0.0002706699074597
  -0.0002217649420748   0.0000393534616759   0.0000435409593121  -0.0002104369416330
  -0.0000238929211484   0.0000192736264106   0.0004322018842651  -0.0000154605399992
  -0.0000628145858831

$redundant_coords
 7 4
   2.3557933028285989   2.2062693763886378   3.1756661773310375   3.1177933980673038

   2.2430974167092868   2.2048927207088740   3.1715171218421565   3.1207113223740159

   2.2048587947270630   2.2119731961001028   3.1659450782091052   3.1246257836142539

   2.2136219105031669   2.2130096569698146   3.1634350946529795   3.1263855053690852

   2.2141291820181070   2.2136983653036588   3.1596704707997634   3.1290239400330133

   2.2141633453989957   2.2146214675050517   3.1443177893862062   3.1397741360411775

   2.2137265519179112   2.2139715626618091   3.1418648177668134   3.1414801206034628


$redundant_gradients
 7 4
   0.1081624056530323   0.0017613141853120   0.0022424289854587  -0.0015770524304022

   0.0270071069443885  -0.0067453196326940   0.0022149311829900  -0.0015560374731866

  -0.0088815991089393  -0.0022112481243400   0.0018603170612116  -0.0013044818046274

  -0.0000037170128212  -0.0005682191254767   0.0016521610805866  -0.0011578328707249

   0.0005579775290382   0.0001642950017028   0.0013657429377628  -0.0009558182616642

   0.0006874950501142   0.0011085982523021   0.0002047204381811  -0.0001374980344703

   0.0002114465362049   0.0004364409312482   0.0000206082197435  -0.0000086008125304


$hessian_approx
 9 9
                  0          1          2          3          4          5    
      0       2.081342  -0.080136  -0.056486  -1.007222   0.025631   0.013752
      1      -0.080136   0.795372  -0.922653   0.063039  -0.398061   0.458852
      2      -0.056486  -0.922653   1.469347   0.031226   0.462730  -0.735016
      3      -1.007222   0.063039   0.031226   1.075226  -0.019685  -0.078375
      4       0.025631  -0.398061   0.462730  -0.019685   0.199361  -0.230603
      5       0.013752   0.458852  -0.735016  -0.078375  -0.230603   0.376063
      6      -1.074119   0.017098   0.025259  -0.068001  -0.005944   0.064621
      7       0.054506  -0.397309   0.459920  -0.043351   0.198701  -0.228250
      8       0.042732   0.463800  -0.734332   0.047148  -0.232130   0.358954
                   6          7          8    
      0      -1.074119   0.054506   0.042732
      1       0.017098  -0.397309   0.463800
      2       0.025259   0.459920  -0.734332
      3      -0.068001  -0.043351   0.047148
      4      -0.005944   0.198701  -0.232130
      5       0.064621  -0.228250   0.358954
      6       1.142121  -0.011152  -0.089881
      7      -0.011152   0.198610  -0.231673
      8      -0.089881  -0.231673   0.375378

$bmatrix
 4 9
                  0          1          2          3          4          5    
      0       0.993048   0.008797  -0.117378  -0.993048  -0.008797   0.117378
      1      -0.993037  -0.008527   0.117490   0.000000   0.000000   0.000000
      2      -0.017445   1.999924  -0.000000   0.008859  -0.999961   0.000000
      3      -0.234878   0.000000  -1.986160   0.117383  -0.000000   0.993087
                   6          7          8    
      0       0.000000   0.000000   0.000000
      1       0.993037   0.008527  -0.117490
      2       0.008587  -0.999963   0.000000
      3       0.117495  -0.000000   0.993074

